0.07
0.06
0.08
0.06
0.08
0.06
0.11
0.21
0.2
0.08
0.06
0.06997732426303854
0.10002267573696146
0.08997732426303855
0.09
0.03
0.12
0.06
0.1
0.05
0.1
0.17
0.09
0.05
0.01997732426303855
0.61
0.07
0.04
0.04
0.05
0.04
0.09
0.09997732426303856
0.06
0.2
0.1
0.09997732426303856
0.2
0.12
0.2
0.11
0.12
0.06
0.08
0.09
0.1
0.08
0.04
0.03
0.09
0.13
0.09
0.06
0.07
0.07
0.04
0.1
0.07
0.1
0.03997732426303855
0.09
0.07
0.11
0.11
0.05
0.06
0.05
0.1
0.09997732426303856
0.08
0.13002267573696144
0.11997732426303855
0.09
0.09
0.08
0.1
0.14
0.18
0.64
0.10997732426303855
0.12
0.07
0.1
0.07
0.07
0.08
0.14
0.09
0.11
0.06
0.08
0.06
0.07
0.07
0.09
0.15
0.26
0.08
0.08
0.07
0.1
0.08
0.08
0.07
0.11
0.11
0.09
0.1
0.14
0.11
0.13
0.12
0.17
0.11
0.11
0.12
0.13
0.22
0.1
0.3
0.09
0.05
0.05
0.08
0.04
0.06
0.1
0.15
0.1
0.07
0.22
0.01
0.04
0.08
0.03997732426303855
0.07
0.09
0.05002267573696145
0.1
0.25
0.1
0.06
0.03
0.05
0.06
0.07997732426303855
0.19002267573696144
0.14
0.27
0.05997732426303855
0.05002267573696145
0.05997732426303855
0.05
0.06
0.05
0.1
0.1
0.12
0.08
0.12
0.08
0.07
0.06
0.07
0.05
0.07997732426303855
0.05002267573696145
0.07997732426303855
0.05
0.08
0.07
0.12
0.07
0.06
0.04
0.16
0.21997732426303854
0.2
0.07
0.07
0.14
0.12
0.17
0.08
0.09
0.11
0.17
0.08
0.05997732426303855
0.07
0.04
0.07
0.05
0.07
0.07
0.06
0.1
0.07
0.13
0.17
0.1
0.09
0.08
0.08
0.17
0.12
0.06
0.05
0.07
0.07
0.59
0.1
0.06
0.05
0.09
0.07
0.11
0.11
0.09
0.11
0.08
0.07
0.04
0.07
0.09
0.1
0.09
0.34
0.1
0.06
0.03
0.06
0.08
0.05
0.07
0.04
0.06
0.04
0.06
0.07
0.14
0.07
0.06
0.09
0.09
0.08
0.07
0.04
0.08
0.11
0.14
0.09
0.09
0.07
0.04
0.08
0.05
0.06
0.1
0.1
0.13
0.15
0.15
0.08
0.05
0.04
0.01
0.06
0.06
0.08
0.05
0.04
0.04
0.1
0.06
0.12
0.28
0.049977324263038546
0.03
0.07
0.04
0.05
0.04
0.09
0.08
0.09002267573696145
0.07
0.03997732426303855
0.05
0.11
0.11
0.13
0.08
0.08
0.06
0.05
0.07
0.06
0.07
0.06
0.09002267573696145
0.15997732426303854
0.11
0.18
0.12
0.08
0.09
0.07
0.07
0.09
0.08
0.08
0.09
0.11
0.07
0.29
0.1
0.12
0.09
0.09
0.22
0.09
0.07
0.05
0.08
0.07
0.1
0.07
0.14
0.22
0.14
0.08
0.08
0.04
0.06
0.06
0.06
0.05
0.07
0.04
0.08
0.07
0.06
0.07
0.049977324263038546
0.08002267573696145
0.16
0.14
0.07
0.1
0.08
0.12
0.11
0.12
0.09
0.08
0.04
0.09
0.1
0.01
0.07
0.1
0.12
0.17
0.11
0.05
0.1
0.08
0.09
0.06
0.06
0.05
0.08
0.06
0.07
0.05
0.04
0.08
0.07
0.14
0.1
0.1
0.35
0.5
0.07
0.06
0.1
0.05
0.11
0.01
0.07
0.08
0.07997732426303855
0.1
0.09002267573696145
0.09
0.09
0.09
0.15
0.15
0.23
0.09
0.08
0.11
0.14
0.15
0.19
0.2
0.08
0.08
0.07
0.1
0.04
0.1
0.06
0.05
0.06
0.07
0.1
0.09
0.01
0.08
0.07
0.07
0.09
0.09
0.08
0.03
0.1
0.08
0.17
0.11
0.12
0.07
0.05
0.07
0.1
0.04
0.08
0.04
0.11
0.15
0.15
0.09
0.06
0.08
0.05
0.08
0.06
0.1
0.12
0.07
0.049977324263038546
0.07
0.08
0.07
0.11
0.15
0.14
0.11
0.25997732426303855
0.09
0.07
0.06
0.07
0.04
0.05
0.11
0.14
0.07
0.11
0.11
0.09
0.01
0.05
0.05
0.08
0.08
0.04
0.07
0.049977324263038546
0.09002267573696145
0.06
0.1
0.07
0.06
0.06
0.07
0.08
0.06
0.08
0.07
0.06
0.06997732426303854
0.09002267573696145
0.4
0.11
0.07
0.05
0.06
0.09
0.06
0.05
0.07
0.04
0.09
0.23002267573696145
0.12
0.12
0.55
0.17
0.1
0.16
0.07
0.07
0.06
0.07
0.06
0.08
0.07
0.08
0.11
0.2
0.17
0.11
0.08
0.05
0.05
0.15
0.23
0.19
0.1
0.06
0.06
0.11
0.09
0.07
0.03
0.05
0.28
0.12
0.11
0.04
0.08
0.05
0.05
0.08
0.13
0.12997732426303854
0.09002267573696145
0.12
0.13
0.09997732426303856
0.07
0.17
0.06
0.12
0.12
0.13
0.22
0.14
0.08
0.08
0.07997732426303855
0.060022675736961455
0.09
0.08
0.01997732426303855
0.060022675736961455
0.09
0.44
0.08
0.08
0.03
0.1
0.06
0.03
0.1
0.11
0.06
0.01
0.01
0.06997732426303854
0.17
0.08
0.06997732426303854
0.11
0.08
0.13
0.09
0.1
0.11
0.08
0.11
0.3
0.09
0.09
0.07
0.07
0.06
0.11
0.12
0.07
0.13
0.14
0.08
0.05
0.08
0.08
0.08
0.08
0.07
0.06
0.16
0.12
0.07
0.11
0.18
0.21
0.09
0.07
0.05
0.07
0.1
0.14
0.14
0.13
0.14
0.1
0.09997732426303856
0.03
0.08
0.28
0.09997732426303856
0.08
0.07
0.06
0.08
0.54
0.11
0.1
0.05
0.06
0.07
0.07
0.09
0.07
0.01
0.05
0.09
0.09
0.09
0.15
0.18
0.05
0.07
0.05
0.04
0.9
0.12
0.07
0.07
0.03
0.06
0.04
0.07
0.11
0.06997732426303854
0.07
0.63
0.16
0.1
0.05
0.05
0.11
0.01
0.01
0.09
0.1
0.09
0.76
0.1
0.08
0.03
0.06997732426303854
0.060022675736961455
0.01
0.08
0.03
0.06
0.12
0.13
0.15
0.06997732426303854
0.06
0.060022675736961455
0.07
0.06997732426303854
0.07
0.06997732426303854
0.060022675736961455
0.09
0.41
0.05
0.04
0.07
0.11
0.04
0.08
0.09
0.06
0.09
0.12
0.17
0.1
0.05
0.13
0.06997732426303854
0.03
0.03
0.03
0.07
0.08
0.06997732426303854
0.09002267573696145
0.06
0.09
0.1
0.09997732426303856
0.08
0.05
0.06997732426303854
0.2600226757369615
