57330
60417
63063
66591
69237
72765
75411
81144
90405
99225
103194
105840
108926
113337
117305
121274
123039
128331
130977
135387
137592
142002
170667
174636
176841
177723
205947
209034
210798
212562
214767
216531
220500
224909
227555
284886
289296
294147
302967
308259
317079
322812
328104
330750
334278
338247
342657
346185
347949
349272
353241
359415
363384
367353
370440
373527
375291
379701
382788
387198
388961
392930
396017
403515
408366
410570
413216
415422
419832
424241
427769
434826
440117
444087
448056
451584
456876
463050
481572
589617
594467
599759
602846
607256
610343
613430
616959
623133
627102
631953
635040
638568
641214
644301
647829
651798
658413
671201
674729
678698
681785
686195
689723
693251
696338
701190
706041
710010
714420
721035
725886
731619
736911
745731
750582
755432
760724
766457
776159
780569
799532
803501
805706
807911
811439
813203
815849
822906
829521
833931
837018
859950
860391
862155
865683
867446
870533
874502
876708
881118
893907
898317
900963
902286
904491
907137
910664
919044
925218
1012095
1014740
1016946
1019592
1021797
1024443
1026648
1031058
1035468
1040760
1044288
1049580
1053108
1056195
1058841
1061928
1064133
1067660
1069866
1073393
1075598
1079126
1083537
1088829
1092357
1095003
1096767
1103823
1113524
1174823
1177910
1180998
1187172
1192464
1199961
1203930
1207899
1213191
1220688
1224216
1228184
1231271
1233035
1236122
1238327
1241414
1244501
1247147
1251557
1254644
1261701
1269198
1273608
1278459
1281987
1285515
1293012
1298304
1300950
1304919
1308006
1311093
1337553
1341963
1344609
1346814
1350783
1353870
1359162
1364013
1368423
1373274
1376802
1379889
1381653
1384740
1388709
1393119
1397088
1428840
1433250
1435896
1437218
1439864
1443393
1445598
1448685
1450449
1453095
1454859
1457505
1461473
1467647
1470734
1473380
1477350
1481319
1484847
1487934
1489698
1493226
1498077
1504251
1508660
1512629
1515716
1517480
1521008
1523213
1525859
1530269
1534679
1540412
1547027
1555406
1558934
1561139
1562904
1563345
1565991
1568637
1572165
1574370
1576133
1577897
1582307
1584953
1590245
1704465
1706669
1707992
1711079
1712843
1715048
1716812
1720781
1724309
1728279
1731366
1733129
1735334
1740627
1745478
1751211
1756062
1759590
1762236
1764441
1767528
1770174
1773261
1775906
1779876
1786931
1791782
1804572
1809864
1813392
1817361
1820448
1825740
1829709
1833237
1836765
1840734
1845585
1848672
1966859
1971269
1976561
1980530
1984499
2009637
2013606
2016693
2018898
2022426
2025513
2029923
2033010
2039184
2048886
2055059
2058587
2062115
2063879
2066525
2069171
2071817
2074022
2077109
2078873
2082401
2085488
2088576
2091663
2093867
2097395
2104451
2110625
2113712
2118123
2121651
2126943
2131794
2137086
2141055
2144583
2147229
2151198
2155608
2156049
2159136
2163546
2168838
2176335
2181186
2183391
2187801
2191329
2195298
2197944
2200590
2202795
2206323
2208969
2212056
2214261
2216025
2219553
2222640
2228814
2233224
2237634
2320982
2344356
2347443
2350089
2354498
2356703
2361554
2361995
2365082
2369934
2373461
2377871
2381841
2385810
2389779
2393748
2400363
2407419
2417562
2421531
2425059
2429910
2437407
2444022
2452401
2474451
2477979
2481507
2484594
2489004
2490768
2495178
2497824
2500029
2502675
2506203
2510613
2514582
2528253
2531781
2534868
2537955
2541924
2545893
2549421
2550744
2555154
2558682
2566179
2571471
2576763
2579850
2582055
2585142
2589552
2591316
2594844
2596608
2601459
2608074
2614689
2618658
2621304
2624832
2627037
2630565
2633211
2650851
2656143
2659230
2661434
2664521
2668050
2671137
2676429
2683044
2689218
2694069
2729349
2733318
2736405
2739051
2742138
2743902
2746107
2750958
2757132
2761542
2766393
2771244
2775213
2775654
2777859
2780064
2783592
2787120
2788884
2791971
2794175
2798145
2800791
2805201
2808288
2810934
2813580
2816667
2820195
2822841
2826369
2829456
2832102
2835188
2839158
2902661
2907512
2910599
2912804
2915450
2919419
2922065
2924270
2927357
2929121
2933090
2959551
2964843
2970134
2994390
3001887
3006297
3014234
3017321
3020408
3023054
3026141
3028787
3032315
3035402
3038930
3043781
3093615
3101112
3105963
3109491
3111696
3113901
3120516
3130659
3139479
3143889
3146535
3150063
3154914
3158883
3161970
3163293
3165498
3218859
3224150
3229001
3230765
3234293
3236940
3239145
3242673
3248406
3254138
3258108
3264723
3270456
3274866
3277953
3285450
3288096
3293829
3299121
3304854
3314556
3322053
3325581
3329109
3332636
3335283
3339252
3342780
3343661
3346308
3350277
3534614
3538142
3541671
3542994
3547404
3550050
4138784
4143194
4148045
4151133
4151574
4152456
4155542
4166127
4169655
4172741
4177592
4181561
4187294
4191264
4195674
4200525
4204053
4208904
4260942
4264911
4268880
4271967
4275054
4277700
4282551
4287843
4290930
4296663
4305042
4308570
4310775
4314303
4317831
4321359
4326209
4329296
4331943
4338999
4344291
4347378
4355757
4363695
4442193
4446162
4449248
4451453
4454540
4458951
4465125
4471299
4478355
4484529
4488939
4493348
4494671
4498199
4523337
4527746
4531275
4534362
4537008
4540536
4564790
4569641
4574051
4576256
4578902
4581990
4585077
4589046
4592133
4592574
4594779
4598748
4602717
4606686
4613301
4654754
4656959
4660046
4662251
4665339
4705469
4710761
4713848
4716935
4718258
4720904
4722669
4725756
4730607
4733693
4738104
4829391
4836447
4840857
4843062
4845267
4850118
4850559
4858497
4862466
4866876
4872609
4907448
4911858
4915386
4916709
4919795
4922442
4922883
4926411
4927734
4930821
4936113
4941846
4975362
4978448
4981094
4984623
4987710
4990796
4993884
4996970
4999617
5005791
5024313
5026518
5028282
5031369
5036220
5037984
5041512
5045481
5048127
5052096
5057388
5067090
5071500
5073705
5079438
5082524
5083847
5085170
5086493
5089580
5093109
5096195
5100165
5102811
5106780
5111190
5115600
5119128
5121333
5124419
